list Cycles = 
list(1, 31, 20),
list(2, 32, 19),
list(3, 33, 24),
list(4, 34, 23),
list(5, 36, 22),
list(6, 35, 21),
list(7, 63, 30),
list(8, 64, 29),
list(9, 66, 26),
list(10, 65, 25),
list(11, 62, 27),
list(12, 61, 28),
list(13, 44, 37),
list(14, 43, 38),
list(15, 48, 42),
list(16, 47, 41),
list(17, 46, 40),
list(18, 45, 39),
list(49, 56, 67),
list(50, 55, 68),
list(51, 59, 70),
list(52, 60, 69),
list(53, 58, 71),
list(54, 57, 72);
list Cycles = 
list(1, 31, 20),
list(2, 32, 19),
list(3, 33, 24),
list(4, 34, 23),
list(5, 36, 22),
list(6, 35, 21),
list(7, 63, 30),
list(8, 64, 29),
list(9, 66, 26),
list(10, 65, 25),
list(11, 62, 27),
list(12, 61, 28),
list(13, 44, 37),
list(14, 43, 38),
list(15, 48, 42),
list(16, 47, 41),
list(17, 46, 40),
list(18, 45, 39),
list(49, 56, 67),
list(50, 55, 68),
list(51, 59, 70),
list(52, 60, 69),
list(53, 58, 71),
list(54, 57, 72);
list Cycles = 
list(1, 31, 20),
list(2, 32, 19),
list(3, 33, 24),
list(4, 34, 23),
list(5, 36, 22),
list(6, 35, 21),
list(7, 63, 30),
list(8, 64, 29),
list(9, 66, 26),
list(10, 65, 25),
list(11, 62, 27),
list(12, 61, 28),
list(13, 44, 37),
list(14, 43, 38),
list(15, 48, 42),
list(16, 47, 41),
list(17, 46, 40),
list(18, 45, 39),
list(49, 56, 67),
list(50, 55, 68),
list(51, 59, 70),
list(52, 60, 69),
list(53, 58, 71),
list(54, 57, 72);
list Cycles = 
list(1, 31, 20),
list(2, 32, 19),
list(3, 33, 24),
list(4, 34, 23),
list(5, 36, 22),
list(6, 35, 21),
list(7, 63, 30),
list(8, 64, 29),
list(9, 66, 26),
list(10, 65, 25),
list(11, 62, 27),
list(12, 61, 28),
list(13, 44, 37),
list(14, 43, 38),
list(15, 48, 42),
list(16, 47, 41),
list(17, 46, 40),
list(18, 45, 39),
list(49, 56, 67),
list(50, 55, 68),
list(51, 59, 70),
list(52, 60, 69),
list(53, 58, 71),
list(54, 57, 72);
list Cycles = 
list(1, 31, 20),
list(2, 32, 19),
list(3, 33, 24),
list(4, 34, 23),
list(5, 36, 22),
list(6, 35, 21),
list(7, 63, 30),
list(8, 64, 29),
list(9, 66, 26),
list(10, 65, 25),
list(11, 62, 27),
list(12, 61, 28),
list(13, 44, 37),
list(14, 43, 38),
list(15, 48, 42),
list(16, 47, 41),
list(17, 46, 40),
list(18, 45, 39),
list(49, 56, 67),
list(50, 55, 68),
list(51, 59, 70),
list(52, 60, 69),
list(53, 58, 71),
list(54, 57, 72);
